STN--- WBAN   YEARMODA    TEMP       DEWP      SLP        STP       VISIB      WDSP     MXSPD   GUST    MAX     MIN   PRCP   SNDP   FRSHTT
008209 99999  20090309    78.2  6    71.0  6  9999.9  0  9999.9  0  999.9  0    1.3  6    1.9  999.9    80.6*   71.6*  0.00I 999.9  000000
008209 99999  20090310    67.8 24    65.6 24  9999.9  0  9999.9  0  999.9  0    1.2 24    4.1  999.9    80.6*   55.4*  0.00I 999.9  000000
008209 99999  20090311    68.1 24    64.6 24  9999.9  0  9999.9  0  999.9  0    1.3 24    2.9  999.9    82.4*   55.4*  0.00I 999.9  000000
008209 99999  20090312    66.6 24    63.9 24  9999.9  0  9999.9  0  999.9  0    1.2 24    4.1  999.9    80.6*   57.2*  0.00I 999.9  000000
008209 99999  20090313    66.9 24    62.2 24  9999.9  0  9999.9  0  999.9  0    1.3 24    4.1  999.9    80.6*   55.4*  0.00I 999.9  000000
008209 99999  20090314    70.0 24    69.1 24  9999.9  0  9999.9  0  999.9  0    1.1 24    6.0  999.9    80.6*   66.2*  0.00I 999.9  000000
008209 99999  20090315    71.5 24    71.5 24  9999.9  0  9999.9  0  999.9  0    1.5 24    2.9  999.9    80.6*   69.8*  0.00I 999.9  000000
008209 99999  20090316    69.2 24    69.2 24  9999.9  0  9999.9  0  999.9  0    1.5 24    8.0  999.9    71.6*   64.4*  0.00I 999.9  000000
008209 99999  20090317    66.7 24    60.4 24  9999.9  0  9999.9  0  999.9  0    2.6 24    7.0  999.9    82.4*   59.0*  0.00I 999.9  000000
008209 99999  20090318    65.2 24    59.9 24  9999.9  0  9999.9  0  999.9  0    1.8 24    6.0  999.9    80.6*   55.4*  0.00I 999.9  000000
008209 99999  20090319    67.6 24    59.6 24  9999.9  0  9999.9  0  999.9  0    1.8 24    5.1  999.9    84.2*   57.2*  0.00I 999.9  000000
008209 99999  20090320    68.1 24    57.8 24  9999.9  0  9999.9  0  999.9  0    2.8 24    8.0  999.9    82.4*   59.0*  0.00I 999.9  000000
008209 99999  20090321    65.9 24    50.7 24  9999.9  0  9999.9  0  999.9  0    2.1 24    6.0  999.9    78.8*   53.6*  0.00I 999.9  000000
008209 99999  20090322    62.5 24    52.0 24  9999.9  0  9999.9  0  999.9  0    2.3 24    6.0  999.9    77.0*   51.8*  0.00I 999.9  000000
008209 99999  20090323    63.2 24    57.1 24  9999.9  0  9999.9  0  999.9  0    1.6 24    5.1  999.9    77.0*   51.8*  0.00I 999.9  000000
008209 99999  20090324    69.3 24    66.3 24  9999.9  0  9999.9  0  999.9  0    3.0 24    6.0  999.9    75.2*   66.2*  0.00I 999.9  000000
008209 99999  20090325    70.8 24    68.1 24  9999.9  0  9999.9  0  999.9  0    2.7 24    5.1  999.9    78.8*   68.0*  0.00I 999.9  000000
008209 99999  20090326    68.5 24    68.5 24  9999.9  0  9999.9  0  999.9  0    1.5 24    7.0  999.9    71.6*   62.6*  0.00I 999.9  000000
008209 99999  20090327    67.3 24    67.3 24  9999.9  0  9999.9  0  999.9  0    2.6 24    7.0  999.9    71.6*   62.6*  0.00I 999.9  000000
008209 99999  20090328    70.4 24    69.7 24  9999.9  0  9999.9  0  999.9  0    3.3 24   11.1  999.9    78.8*   66.2*  0.00I 999.9  000000
008209 99999  20090329    62.4 24    51.4 24  9999.9  0  9999.9  0  999.9  0    2.4 24    6.0  999.9    71.6*   48.2*  0.00I 999.9  000000
008209 99999  20090330    61.1 24    51.4 24  9999.9  0  9999.9  0  999.9  0    2.0 24    6.0  999.9    77.0*   50.0*  0.00I 999.9  000000
008209 99999  20090331    66.3 24    64.5 24  9999.9  0  9999.9  0  999.9  0    2.1 24    8.0  999.9    71.6*   62.6*  0.00I 999.9  000000
008209 99999  20090401    67.0 15    67.0 15  9999.9  0  9999.9  0  999.9  0    2.3 15    9.9  999.9    68.0*   64.4*  0.00I 999.9  000000
008209 99999  20090402    69.4  5    69.4  5  9999.9  0  9999.9  0  999.9  0    0.0  5  999.9  999.9    71.6*   68.0*  0.00I 999.9  000000
008209 99999  20090403    70.2 14    68.5 14  9999.9  0  9999.9  0  999.9  0    0.0 14  999.9  999.9    71.6*   68.0*  0.00I 999.9  000000
008209 99999  20090409    74.8  5    61.5  5  9999.9  0  9999.9  0  999.9  0    3.6  5    5.1  999.9    77.0*   73.4*  0.00I 999.9  000000